9310036039655
9300675001113
5449000000996
9310232961279
9310272002253
5060229012371
9300675016902
611269991000
70177025700
9317557896019
9341650001766
7622300992675
9326666610553
9310055105850
9310055105904
9300652014396
9300650022898
9300652010794
9300677006437
9313010000801
9313010000108
13000006408
8715035110304
9310061462206
9310061550101
3017620422003
9313958005890
9310412003577
9352042000281
9300601249114
9310047207180
894700010137
9300601002849
9300639100012
9343787099111
9343787099104
9310653105733
9310354890006
9310354982466
9310052120856
9310072028866
9300830060733
9300601767762
9310015247828
63523614
9310988022378
40000511281
9300682059015
9300682059015
40000422068
9300682059091
44000032210
930060512652
9300650452701
9310080257418
38000845017
9310161017603
9310645350899
4008355030495
9320802000444
9310645176833
9342373000296
9357107000251
9320802000482
9342373000395
931839007104
793579769781
9315090200102
9311208001241
58449450023
9310155305037
9310060011030
9339687209279
9315822010863
9310174006403
9310174006021
5052675000989
9343005001018
818411000478
42272005024
9300657003425
9300657234713
9300657235031
9300462137582
93100062212972
9310645244846
9310645442532
8801073142312
