9300601249114
9300605157200
9300632000000
9300633000000
9300633910198
9300645019629
9300650022898
9300652010794
9300652014396
9300657003425
9300675001113
9300675003001
9300675016902
9300677006437
9300694335947
93100062212972
9310036039655
9310036044239
9310047207180
9310055105850
9310055105904
9310263001616
9310272002253
9310354982466
9310412003577
9310432003212
9310645176833
931064524483
9310645244839
9310645467740
9313010000801
9313958005890
9316417008890
931839007104
9322042000048
9326666610553
9331200777951
9339687383689
9341650000714
9341650001766
9342373000395
9343787099111
9346321000475
9357107000251
