0072903037469
0123456789012
01234567890123
049000042911
05000159461125
0687437953712
0726684754229
0768085120165
0810020170825
085893200201
09310645244839
100000000000
1000000000000
10000000000000
1099511627776
1398005382890
1765504852570
1765504852634
1765571546316
1766279288798
1766528060606
300632000000
3017620422003
4008355030495
4008400000000
43137254901961
5000159461125
5010024000000
5060336505223
512999327247
5449000000996
56213190997677
5740900404601
5740900405097
5901234123457
9300601249114
9300605157200
9300632000000
9300633000000
9300633910198
9300645019629
9300650022898
9300652010794
9300652014396
9300657003425
9300675001113
9300675003001
9300675016902
9300677006437
9300694335947
93100062212972
9310036039655
9310036044239
9310047207180
9310055105850
9310055105904
9310263001616
9310272002253
9310354982466
9310412003577
9310432003212
9310645176833
931064524483
9310645244839
9310645467740
9400544002392
9400547009374
9400547019939
9400566004541
9400580012345
9414967764447
9415007000000
9415077044894
9416107522245
9420020300194
9421901881054
9421903360120
9421903938589
