0072903037469
007904975
0123456789012
01234567890123
049000042911
05000159461125
0687437953712
0726684754229
0768085120165
0810020170825
085893200201
09310645244839
10000000
100000000
1000000000
10000000000
100000000000
1000000000000
10000000000000
102161490
10625122
1073741823
107800563
1093509285
10968904
1099511627776
110151013
11081491
1157259157
117443145
117443651
117444014
1191034598
11926878
11968040
1210079461
12190482
1220151715
1241364256
12501844
12504344
1253703093
1259060791
1265672696
127531040
127535312
1312295772
13172299
1322252878
13227489
300632000000
3017620422003
30349667
31557600000
32540104
336839115
34240465
346386744
35424696
35424960
35428008
36000000
36033464
36810333
37212897
37549774
37578063
379007792
386323432
391564048
392943058
39658211
4008355030495
4008400000000
412266927
4161613172
42182577
42335016
424704633
43137254901961
43158400
43843920
44949126
45111400
47470188
47638527
47690503
484188326
4886718345
4886718346
49603590
5000159461125
5010024000000
502395958
5060336505223
50721552
512999327247
51676808
5236482036
528663101
9300601249114
9300605157200
9300632000000
9300633000000
9300633910198
9300645019629
9300650022898
9300652010794
9300652014396
9300657003425
9300675001113
9300675003001
9300675016902
9300677006437
9300694335947
93100062212972
9310036039655
9310036044239
9310047207180
9310055105850
9310055105904
9310263001616
9310272002253
9310354982466
9310412003577
9310432003212
9310645176833
931064524483
9310645244839
9310645467740
9313010000801
9313958005890
9316417008890
931839007104
9322042000048
9326666610553
9331200777951
9339687383689
9341650000714
9341650001766
9342373000395
9343787099111
9346321000475
9357107000251
9400544002392
9400547009374
9400547019939
9400566004541
9400580012345
94137051
9414967764447
9415007000000
9415077044894
9416107522245
9420020300194
9421901881054
9421903360120
9421903938589
949313111
