0072903037469
007904975
0123456789012
01234567890123
049000042911
05000159461125
0687437953712
0726684754229
0768085120165
0810020170825
085893200201
09310645244839
10000000
100000000
1000000000
10000000000
100000000000
1000000000000
10000000000000
102161490
10625122
1073741823
107800563
1093509285
10968904
1099511627776
110151013
11081491
1157259157
117443145
117443651
117444014
1191034598
11926878
11968040
1210079461
12190482
1220151715
1241364256
12501844
12504344
1253703093
1259060791
1265672696
127531040
127535312
1312295772
13172299
1322252878
13227489
13285808
13295106
1335669000
1337000000
1337000001
13392821
13509880
13537648
13569984
13959241
1398005382890
14585459
146607186
152083257
1531648243
154330861
1543572022
15452278
16062886
161107203
1647298270
16777215
171592363
172800000
1728279322
1743909036
17587160
1765504852570
1765504852634
1765571546316
