300632000000
3017620422003
30349667
31557600000
32540104
336839115
34240465
346386744
35424696
35424960
35428008
36000000
36033464
36810333
37212897
37549774
37578063
379007792
386323432
391564048
392943058
39658211
4008355030495
4008400000000
412266927
4161613172
42182577
42335016
424704633
43137254901961
43158400
43843920
44949126
45111400
47470188
47638527
47690503
484188326
4886718345
4886718346
49603590
5000159461125
5010024000000
502395958
5060336505223
50721552
512999327247
51676808
5236482036
528663101
53019676
53535748
536297177
539751607
5449000000996
55067352
56213190997677
5740900404601
5740900405097
5901234123457
59142742143
