01234567890123
123456789012
1234567890123
3017620422003
4008355030495
5000159461125
5449000000996
611269991000
7501058649959
7613034626844
7622210989848
7622300992675
793579769781
8712561725035
894700010137
9300601249114
9300650022898
9300652010794
9300652014396
9300675001113
9300675003001
9300675016902
9300677006437
9300694335947
93100062212972
9310036039655
9310036044239
9310055105850
9310055105904
9310272002253
9310354982466
9310412003577
9310645176833
9310645244839
9313010000801
9316417008890
931839007104
9326666610553
9341650001766
9342373000395
9343787099111
9357107000251
9400566004541
