0072903037469
0123456789012
01234567890123
049000042911
05000159461125
0687437953712
0726684754229
0768085120165
0810020170825
085893200201
09310645244839
100000000000
1000000000000
10000000000000
1099511627776
123456789012
1234567890123
1398005382890
1765504852570
1765504852634
1765571546316
1766279288798
1766528060606
20150324153922
20150721114550
2716192553618
300632000000
3017620422003
3333333333333
4008355030495
4008400000000
43137254901961
4444444444444
5000159461125
5010024000000
5060336505223
512999327247
5449000000996
5555555555555
56213190997677
5740900404601
5740900405097
5901234123457
611269991000
6666666666666
7501058649959
7613034626844
7622210944028
7622210955930
7622210969472
7622210989848
7622300992675
7777777777777
7890123456789
793579769781
8001090311027
810020170825
8712561725035
8712561735033
8712561735036
8888888888888
894700010137
9300601249114
9300605157200
9300632000000
9300633000000
9300633910198
9300645019629
9300650022898
9300652010794
9300652014396
9300657003425
9300675001113
9300675003001
9300675016902
9300677006437
9300694335947
93100062212972
9310036039655
9310036044239
9310047207180
9310055105850
9310055105904
9310263001616
9310272002253
9310354982466
9310412003577
9310432003212
9310645176833
931064524483
9310645244839
9310645467740
9313010000801
9313958005890
9316417008890
931839007104
9322042000048
9326666610553
9331200777951
9339687383689
9341650000714
9341650001766
9342373000395
9343787099111
9346321000475
9357107000251
9400544002392
9400547009374
9400547019939
9400566004541
9400580012345
9414967764447
9415007000000
9415077044894
9416107522245
9420020300194
9421901881054
9421903360120
9421903938589
9876543210987
9999999999999
