0072903037469
007904975
0123456789012
01234567890123
049000042911
05000159461125
0687437953712
0726684754229
0768085120165
0810020170825
085893200201
09310645244839
10000000
100000000
1000000000
10000000000
100000000000
1000000000000
10000000000000
102161490
10625122
1073741823
107800563
1093509285
10968904
1099511627776
110151013
11081491
1157259157
117443145
117443651
117444014
1191034598
11926878
11968040
1210079461
12190482
1220151715
1241364256
12501844
12504344
1253703093
1259060791
1265672696
127531040
127535312
1312295772
13172299
1322252878
13227489
13285808
13295106
1335669000
1337000000
1337000001
13392821
13509880
13537648
13569984
13959241
1398005382890
14585459
146607186
152083257
1531648243
154330861
1543572022
15452278
16062886
161107203
1647298270
16777215
171592363
172800000
1728279322
1743909036
17587160
1765504852570
1765504852634
1765571546316
1766279288798
1766528060606
176947863
1780488922
17825980
1826163454
1834240887
18609960
189022599
189022693
1891069052
1912935186
19243723
192815134
193118084
193118192
19420264
19420267
1950641247
1978563002
198955264
199102688
199175352
20000119
20001113
200319759
20060816
20111126
20150324153922
20150721114550
20160517
20170409
2023497376
2076896149
208370336
20844584
20903247
21152576
2145916800
217452234
218791105
219464783
222821298
22987140
23040076
230441652
231231231
235127419
235130063
23692104
240193003
244116432
25023928
250915913
25256448
255298822
2564973002
257508787
259200000
259923858
265545908
2716192553618
27283110
278493008
2819813002
28246659
284764294
28635252
29034707
29091486
29091700
29091701
29091703
29091956
29092033
29092181
291053000
293734280
2944283002
297065629
29847271
29913522
300632000000
3017620422003
30349667
31557600000
32540104
336839115
34240465
346386744
35424696
35424960
35428008
36000000
36033464
36810333
37212897
37549774
37578063
379007792
386323432
391564048
392943058
39658211
4008355030495
4008400000000
412266927
4161613172
42182577
42335016
424704633
43137254901961
43158400
43843920
44949126
45111400
47470188
47638527
47690503
484188326
4886718345
4886718346
49603590
5000159461125
5010024000000
502395958
5060336505223
50721552
512999327247
51676808
5236482036
528663101
53019676
53535748
536297177
539751607
5449000000996
55067352
56213190997677
5740900404601
5740900405097
5901234123457
59142742143
607843002
611269991000
61672207151
61761231881
62253704
63367136
637646024
64382136
650544648
667469212
6755704230
68835992
712199895
72224808
726861088
73138686
745549614
7501058649959
7613034626844
7622210944028
7622210955930
7622210969472
7622210989848
7622300992675
783469792
787487438
7890123456789
793579769781
8001090311027
810020170825
832034119
838848608
86400000
8712561725035
8712561735033
8712561735036
886984994
894700010137
902172483
913895766
924161121
9300601249114
9300605157200
9300632000000
9300633000000
9300633910198
9300645019629
9300650022898
9300652010794
9300652014396
9300657003425
9300675001113
9300675003001
9300675016902
9300677006437
9300694335947
93100062212972
9310036039655
9310036044239
9310047207180
9310055105850
9310055105904
9310263001616
9310272002253
9310354982466
9310412003577
9310432003212
9310645176833
931064524483
9310645244839
9310645467740
9313010000801
9313958005890
9316417008890
931839007104
9322042000048
9326666610553
9331200777951
9339687383689
9341650000714
9341650001766
9342373000395
9343787099111
9346321000475
9357107000251
9400544002392
9400547009374
9400547019939
9400566004541
9400580012345
94137051
9414967764447
9415007000000
9415077044894
9416107522245
9420020300194
9421901881054
9421903360120
9421903938589
949313111
95486458
9699919799
9876543210
9876543210987
